P1 = 0.05;
P2 = 0.5;
Pressure = 0.05;
rpm=[2748 2748 2525 2228 1857 1560 1188 966 742 519 371 148 0 0];
time = [0 0.100 0.1060 0.1187 0.1298 0.1417 0.1596 0.1715 0.1834 0.1953 0.2072 0.2191 0.2340 0.5];